100  99.9  99.87  94.1  63.2  45.3  31.0  20.9  14.1  10.2  6.4  6.1  5.8  5.6  5.5 

100 100 100 100  99.7  98.9   97.7  95.8  93.2  89.3   85.2  79.2  72.6  64.5  54.3  41.5  26.8  8.9
6.3  6.3  6.4  6.6  6.9  7.5  8.4  9.7  11.1  13.4  16.2  19.6  22.1  23.9  24.2  21.7  15.1  5.5  

100  100  100  100  100  99.3  98.2  96.4  93.9  90.1  85.0  79.5  72.2  63.9  54.4  40.5  26.1  6.2
6.3  6.4  6.5  6.8  7.2  7.8  8.8  10.2  11.6  14.0  16.4  18.9  22.1  23.3  22.8  20.2  14.3  4.4

100  99.8  99.3  98.3  96.7  94.4  91.2  87.1  82.2  76.3  70.6  63.5  56.1  49.1  40.3  30.3  18.4  4.4
5.7  6.0  7.7  10.1  13.0  16.1  18.6  21.0  22.5  23.3  23  22.4  21.2  19.7  17.1  13.2  8.3  2.7


100  100  99.3  98.4  96.9  94.8  92.4  89.3  85.1  80.1  74.4  67.8  61.3  53.7  46.0  36.4  24.2  2.6
5.7  5.9  10.1  14.7  21.7  30.1  39.1  47.4  55.9  63.4  68.8  72.0  72.1  68.5  61.8  50.7  29.6  2.0



